[
    {
        "PlaceInfo": {
            "Valid": true,
            "Path": 1,
            "Position": "-335.41595458984375, 61.93030548095703, -840.7891235351562",
            "Rotation": 180,
            "CF": "-335.415955, 61.9303055, -840.789124, -1, 0, -0, -0, 1, -0, -0, 0, -1"
        },
        "Time": 21,
        "TowerName": "unit_lawnmower"
    },
    {
        "PlaceInfo": {
            "Valid": true,
            "Path": 1,
            "Position": "-312.8993835449219, 61.93030548095703, -797.6646118164062",
            "Rotation": 180,
            "CF": "-312.899384, 61.9303055, -797.664612, -1, 0, -0, -0, 1, -0, -0, 0, -1"
        },
        "Time": 44,
        "TowerName": "unit_lawnmower"
    },
    {
        "PlaceInfo": {
            "Valid": true,
            "Path": 1,
            "Position": "-363.203369140625, 61.93030548095703, -773.40869140625",
            "Rotation": 180,
            "CF": "-363.203369, 61.9303055, -773.408691, -0.360994101, 0, 0.932568133, 0, 1, -0, -0.932568133, 0, -0.360994101"
        },
        "Time": 54,
        "TowerName": "unit_lawnmower"
    },
    {
        "PlaceInfo": {
            "Valid": true,
            "Path": 1,
            "Position": "-364.9153137207031, 61.93030548095703, -772.6995849609375",
            "Rotation": 180,
            "CF": "-364.915314, 61.9303055, -772.699585, -0.360994101, 0, 0.932568133, 0, 1, -0, -0.932568133, 0, -0.360994101"
        },
        "Time": 62,
        "TowerName": "unit_lawnmower"
    },
    {
        "PlaceInfo": {
            "Valid": true,
            "Path": 1,
            "Position": "-318.41766357421875, 61.93030548095703, -784.406494140625",
            "Rotation": 180,
            "CF": "-318.417664, 61.9303055, -784.406494, -0.675724685, 0, 0.737154186, 0, 1.00000012, -0, -0.737154186, 0, -0.675724685"
        },
        "Time": 71,
        "TowerName": "unit_lawnmower"
    },
    {
        "MacroInfo": {
            "Units": "Lawnmower",
            "Speed": "3x Speed",
            "Difficulty": "Impossible",
            "SeedRate": "-"
        }
    }
]