[
    {
        "PlaceInfo": {
            "Valid": true,
            "Path": 1,
            "Position": "-335.41595458984375, 61.93030548095703, -840.6871948242188",
            "Rotation": 180,
            "CF": "-335.415955, 61.9303055, -840.687195, -1, 0, -0, -0, 1, -0, -0, 0, -1"
        },
        "Time": 22,
        "TowerName": "unit_lawnmower"
    },
    {
        "PlaceInfo": {
            "Valid": true,
            "Path": 1,
            "Position": "-312.8993835449219, 61.93030548095703, -800.5745849609375",
            "Rotation": 180,
            "CF": "-312.899384, 61.9303055, -800.574585, -1, 0, -0, -0, 1, -0, -0, 0, -1"
        },
        "Time": 59,
        "TowerName": "unit_lawnmower"
    },
    {
        "PlaceInfo": {
            "Valid": true,
            "Path": 1,
            "Position": "-347.1278381347656, 61.93030548095703, -717.29443359375",
            "Rotation": 180,
            "CF": "-347.127838, 61.9303055, -717.294434, -0.3713907, -0, -0.928476632, -0, 1, -0, 0.928476751, 0, -0.371390671"
        },
        "Time": 69,
        "TowerName": "unit_lawnmower"
    },
    {
        "PlaceInfo": {
            "Valid": true,
            "Path": 1,
            "Position": "-374.0193786621094, 61.93030548095703, -740.7796020507812",
            "Rotation": 180,
            "CF": "-374.019379, 61.9303055, -740.779602, -0.936329186, -0, -0.351123452, -0, 1, -0, 0.351123452, 0, -0.936329186"
        },
        "Time": 79,
        "TowerName": "unit_lawnmower"
    },
    {
        "PlaceInfo": {
            "Valid": true,
            "Path": 1,
            "Position": "-341.2441711425781, 61.93030548095703, -776.9542846679688",
            "Rotation": 180,
            "CF": "-341.244171, 61.9303055, -776.954285, -0, 0, 1, 0, 1, -0, -1, 0, -0"
        },
        "Time": 93,
        "TowerName": "unit_lawnmower"
    },
    {
        "PlaceInfo": {
            "Valid": true,
            "Path": 1,
            "Position": "-377.6053161621094, 61.93030548095703, -756.2091064453125",
            "Rotation": 180,
            "CF": "-377.605316, 61.9303055, -756.209106, -0.928476751, 0, 0.371390671, 0, 1, -0, -0.3713907, 0, -0.928476632"
        },
        "Time": 104,
        "TowerName": "unit_lawnmower"
    },
    {
        "MacroInfo": {
            "Units": "Lawnmower",
            "Speed": "2x Speed",
            "Difficulty": "Impossible",
            "SeedRate": "-"
        }
    }

]
